# ell  C_ell^signal at the fiducial, w^2 int (W_kappa S)^2 P(k<=k_cut) / chi^2 dchi, with P halofit (EH linear)  and with P linear EH
0 0.000000e+00 0.000000e+00
1 0.000000e+00 0.000000e+00
2 4.928682e-08 4.935084e-08
3 6.459474e-08 6.470771e-08
4 7.790436e-08 7.807298e-08
5 8.941664e-08 8.964454e-08
6 9.943540e-08 9.972415e-08
7 1.080811e-07 1.084304e-07
8 1.155515e-07 1.159596e-07
9 1.221848e-07 1.226500e-07
10 1.275305e-07 1.280480e-07
11 1.321198e-07 1.326861e-07
12 1.365399e-07 1.371536e-07
13 1.399033e-07 1.405586e-07
14 1.425728e-07 1.432652e-07
15 1.450610e-07 1.457884e-07
16 1.465580e-07 1.473055e-07
17 1.464227e-07 1.471714e-07
18 1.470159e-07 1.477722e-07
19 1.480119e-07 1.487856e-07
20 1.482252e-07 1.490114e-07
21 1.470765e-07 1.478608e-07
22 1.473515e-07 1.481400e-07
23 1.460892e-07 1.468780e-07
24 1.459388e-07 1.467344e-07
25 1.453516e-07 1.461486e-07
26 1.442029e-07 1.449965e-07
27 1.431094e-07 1.439012e-07
28 1.419026e-07 1.426931e-07
29 1.402032e-07 1.409886e-07
30 1.392373e-07 1.400212e-07
31 1.370384e-07 1.378137e-07
32 1.360268e-07 1.367992e-07
33 1.348732e-07 1.356404e-07
34 1.323274e-07 1.330817e-07
35 1.303762e-07 1.311215e-07
36 1.295065e-07 1.302487e-07
37 1.265242e-07 1.272500e-07
38 1.258180e-07 1.265402e-07
39 1.235987e-07 1.243092e-07
40 1.216428e-07 1.223430e-07
41 1.204910e-07 1.211847e-07
42 1.178722e-07 1.185506e-07
43 1.158036e-07 1.164703e-07
44 1.151343e-07 1.157974e-07
45 1.122560e-07 1.129024e-07
46 1.096432e-07 1.102744e-07
47 1.083268e-07 1.089505e-07
48 1.053373e-07 1.059436e-07
49 1.038222e-07 1.044193e-07
50 1.022365e-07 1.028239e-07
51 1.005145e-07 1.010913e-07
52 9.961672e-08 1.001880e-07
53 9.735134e-08 9.790969e-08
54 9.510865e-08 9.565481e-08
55 9.290256e-08 9.343735e-08
56 9.213836e-08 9.267062e-08
57 9.028854e-08 9.081240e-08
58 9.014759e-08 9.067326e-08
59 8.891464e-08 8.943596e-08
60 8.654662e-08 8.705700e-08
61 8.553598e-08 8.604342e-08
62 8.389235e-08 8.439304e-08
63 8.362870e-08 8.413063e-08
64 8.119149e-08 8.168105e-08
