# config configs/inference/scan/closure_d1p00_kappaonly_cosmo.yaml; run /pscratch/sd/j/jhawla/outputs/run_20261005_030253_59364089; nside 32, l <= 64, projection nside 64
# ell  N_ell  w^2*C_ell^LOS(incl. per-shell cut)  total noise  w_ell(bilinear)
0 0.000000e+00 4.360866e-10 4.360866e-10 1.000000
1 8.765961e-08 4.360866e-10 8.809570e-08 1.000000
2 8.765961e-08 7.106708e-10 8.837028e-08 0.999856
3 8.765961e-08 9.770610e-10 8.863667e-08 0.999683
4 8.765961e-08 1.235804e-09 8.889541e-08 0.999612
5 8.765961e-08 1.485782e-09 8.914539e-08 0.999209
6 8.765961e-08 1.728156e-09 8.938777e-08 0.998964
7 8.765961e-08 1.961715e-09 8.962133e-08 0.998505
8 8.765961e-08 2.186736e-09 8.984635e-08 0.998016
9 8.765961e-08 2.407470e-09 9.006708e-08 0.998295
10 8.765961e-08 2.612472e-09 9.027208e-08 0.996979
11 8.765961e-08 2.809565e-09 9.046918e-08 0.995828
12 8.765961e-08 3.010054e-09 9.066966e-08 0.996595
13 8.765961e-08 3.193085e-09 9.085269e-08 0.995657
14 8.765961e-08 3.363946e-09 9.102356e-08 0.994136
15 8.765961e-08 3.533905e-09 9.119351e-08 0.993601
16 8.765961e-08 3.724527e-09 9.138414e-08 0.993379
17 8.765961e-08 4.153436e-09 9.181305e-08 0.991184
18 8.765961e-08 5.056942e-09 9.271655e-08 0.991464
19 8.765961e-08 6.081407e-09 9.374102e-08 0.991780
20 8.765961e-08 6.636644e-09 9.429625e-08 0.990421
21 8.765961e-08 7.010758e-09 9.467037e-08 0.986898
22 8.765961e-08 7.848183e-09 9.550779e-08 0.988928
23 8.765961e-08 8.838930e-09 9.649854e-08 0.985014
24 8.765961e-08 9.812445e-09 9.747206e-08 0.985078
25 8.765961e-08 1.039672e-08 9.805633e-08 0.984950
26 8.765961e-08 1.085398e-08 9.851359e-08 0.983580
27 8.765961e-08 1.157109e-08 9.923070e-08 0.982196
28 8.765961e-08 1.238952e-08 1.000491e-07 0.980364
29 8.765961e-08 1.306857e-08 1.007282e-07 0.977293
30 8.765961e-08 1.350191e-08 1.011615e-07 0.977067
31 8.765961e-08 1.370741e-08 1.013670e-07 0.972614
32 8.765961e-08 1.421136e-08 1.018710e-07 0.972823
33 8.765961e-08 1.485649e-08 1.025161e-07 0.973116
34 8.765961e-08 1.540496e-08 1.030646e-07 0.968412
35 8.765961e-08 1.595094e-08 1.036106e-07 0.965599
36 8.765961e-08 1.648000e-08 1.041396e-07 0.966978
37 8.765961e-08 1.672838e-08 1.043880e-07 0.960924
38 8.765961e-08 1.738898e-08 1.050486e-07 0.963578
39 8.765961e-08 1.786931e-08 1.055289e-07 0.960188
40 8.704910e-08 1.834055e-08 1.053896e-07 0.957846
41 8.698804e-08 1.883479e-08 1.058228e-07 0.959034
42 8.692699e-08 1.908056e-08 1.060075e-07 0.954451
43 8.686594e-08 1.948721e-08 1.063532e-07 0.951818
44 8.680489e-08 2.015969e-08 1.069646e-07 0.954913
45 8.674384e-08 2.041363e-08 1.071575e-07 0.948966
46 8.668279e-08 2.059626e-08 1.072790e-07 0.943966
47 8.662174e-08 2.098549e-08 1.076072e-07 0.944325
48 8.656068e-08 2.109756e-08 1.076582e-07 0.937330
49 8.649963e-08 2.151369e-08 1.080133e-07 0.936992
50 8.643858e-08 2.187336e-08 1.083119e-07 0.936374
51 8.654042e-08 2.212049e-08 1.086609e-07 0.934998
52 8.664226e-08 2.253284e-08 1.091751e-07 0.937234
53 8.674409e-08 2.267877e-08 1.094229e-07 0.932634
54 8.684593e-08 2.281473e-08 1.096607e-07 0.927535
55 8.694776e-08 2.289279e-08 1.098406e-07 0.921977
56 8.704960e-08 2.322527e-08 1.102749e-07 0.923064
57 8.715144e-08 2.314380e-08 1.102952e-07 0.918291
58 8.725327e-08 2.340048e-08 1.106538e-07 0.921880
59 8.735511e-08 2.331735e-08 1.106725e-07 0.919649
60 8.745695e-08 2.285166e-08 1.103086e-07 0.911220
61 8.755878e-08 2.265001e-08 1.102088e-07 0.909666
62 8.766062e-08 2.218125e-08 1.098419e-07 0.904570
63 8.776246e-08 2.203573e-08 1.097982e-07 0.906933
64 8.786429e-08 2.133822e-08 1.092025e-07 0.897678
